Mayanks-MacBook-Pro-2:assignment-4 mayankbansal$ python3 pagerank.py

Adjacency Matrix

[0, 0, 1, 0, 0, 0, 0]
[0, 1, 1, 0, 0, 0, 0]
[1, 0, 1, 1, 0, 0, 0]
[0, 0, 0, 1, 1, 0, 0]
[0, 0, 0, 0, 0, 0, 1]
[0, 0, 0, 0, 0, 1, 1]
[0, 0, 0, 1, 1, 0, 1]

Transition Matrix

[0.02142857142857143, 0.02142857142857143, 0.8714285714285714, 0.02142857142857143, 0.02142857142857143, 0.02142857142857143, 0.02142857142857143]
[0.02142857142857143, 0.4464285714285714, 0.4464285714285714, 0.02142857142857143, 0.02142857142857143, 0.02142857142857143, 0.02142857142857143]
[0.30476190476190473, 0.02142857142857143, 0.30476190476190473, 0.30476190476190473, 0.02142857142857143, 0.02142857142857143, 0.02142857142857143]
[0.02142857142857143, 0.02142857142857143, 0.02142857142857143, 0.4464285714285714, 0.4464285714285714, 0.02142857142857143, 0.02142857142857143]
[0.02142857142857143, 0.02142857142857143, 0.02142857142857143, 0.02142857142857143, 0.02142857142857143, 0.02142857142857143, 0.8714285714285714]
[0.02142857142857143, 0.02142857142857143, 0.02142857142857143, 0.02142857142857143, 0.02142857142857143, 0.4464285714285714, 0.4464285714285714]
[0.02142857142857143, 0.02142857142857143, 0.02142857142857143, 0.30476190476190473, 0.30476190476190473, 0.02142857142857143, 0.30476190476190473]

Init State

[0.14285714285714285, 0.14285714285714285, 0.14285714285714285, 0.14285714285714285, 0.14285714285714285, 0.14285714285714285, 0.14285714285714285]

[0.06190476190476191, 0.0821428571428571, 0.24404761904761907, 0.16309523809523807, 0.1226190476190476, 0.08214285714285713, 0.24404761904761904]
[0.09057539682539681, 0.056339285714285696, 0.1781051587301587, 0.2290376984126984, 0.15989087301587301, 0.0563392857142857, 0.22971230158730155]
[0.07189169973544972, 0.04537276785714284, 0.17282498346560843, 0.23431787367724863, 0.18385474537037033, 0.04537276785714285, 0.246365162037037]
[0.07039565007716048, 0.04071199776785713, 0.1507870211915784, 0.23978420896715158, 0.19081713031856257, 0.04071199776785714, 0.2667919939098324]
[0.0641515607661853, 0.0387311704799107, 0.141290462383111, 0.2416509145183439, 0.19892792518073, 0.038731170479910704, 0.276516796191808]
[0.061460869103786196, 0.03788931888253346, 0.13245044320900576, 0.24250893336176133, 0.2024766356865465, 0.03788931888253346, 0.2853244808738329]
[0.05895619700445638, 0.03753153195364814, 0.12730089626775137, 0.2428644299307909, 0.20533680435490595, 0.03753153195364814, 0.2904786085347987]
[0.05749715870443431, 0.03737947250887187, 0.12356082723852269, 0.2430168138432134, 0.2069482265673505, 0.03737947250887188, 0.2942180286287349]
[0.05643747247948616, 0.037314847244841964, 0.12119633319452588, 0.2430813931409934, 0.20807249209007866, 0.037314847244841964, 0.29658261460523144]
[0.05576753250035376, 0.03728738150762925, 0.11959819418697483, 0.2431088653900915, 0.20876990431830916, 0.03728738150762925, 0.2981807405890117]
[0.05531472644821428, 0.037275708569313844, 0.11856426621425742, 0.2431205374058898, 0.20923438238624692, 0.03727570856931385, 0.29921467040676325]
[0.05502178018927767, 0.0372707475705298, 0.1178814738122182, 0.24312549853536372, 0.2095322897746575, 0.0372707475705298, 0.29989746254742256]
[0.05482832234203322, 0.03726863914604658, 0.1174369032203944, 0.2431276069413325, 0.2097278560278707, 0.03726863914604658, 0.30034203317627517]
[0.05470236067434982, 0.0372677430656412, 0.11714560630214785, 0.24312850302436076, 0.20985471377858234, 0.03726774306564121, 0.30063333008927595]
[0.0546198265475133, 0.03726736223146892, 0.11695562392360816, 0.24312888385816145, 0.20993762873921956, 0.03726736223146892, 0.30082331246855876]
[0.05456599820692705, 0.0372672003769457, 0.11683147972068764, 0.24312904571273727, 0.20999161893438165, 0.0372672003769457, 0.3009474566713739]
[0.05453082401609957, 0.037267131588773324, 0.11675048265218949, 0.24312911450090216, 0.210026861913374, 0.037267131588773324, 0.30102845373988696]
[0.054507874846691756, 0.03726710235380007, 0.11669760618560507, 0.24312914373587646, 0.21004984031775611, 0.03726710235380007, 0.30108133020646927]
[0.05449289318115949, 0.03726708992893643, 0.11666310530121252, 0.24312915616073993, 0.21006483440815185, 0.03726708992893643, 0.30111583109086204]
[0.05448311793058161, 0.03726708464836938, 0.11664059035436515, 0.24312916144130697, 0.21007461493929677, 0.03726708464836938, 0.3011383460377094]
[0.05447673869564151, 0.037267082404128384, 0.11662589991219288, 0.243129163685548, 0.21008099641847786, 0.037267082404128384, 0.3011530364798817]
[0.05447257640369271, 0.037267081450325965, 0.11661631431674255, 0.2431291646393504, 0.21008515966422908, 0.037267081450325965, 0.30116262207533195]
[0.05446986048498178, 0.03726708104495993, 0.11661006004450912, 0.24312916504471638, 0.21008787598830603, 0.03726708104495993, 0.3011688763475654]
[0.05446808844118232, 0.03726708087267937, 0.1166059792975248, 0.24312916521699696, 0.21008964820438603, 0.03726708087267937, 0.30117295709454966]
[0.05446693222953675, 0.037267080799460124, 0.11660331677543045, 0.24312916529021622, 0.21009080448925083, 0.037267080799460124, 0.30117561961664396]
[0.05446617784827668, 0.03726708076834195, 0.11660157958315348, 0.24312916532133433, 0.21009155890162906, 0.03726708076834195, 0.30117735680892094]
[0.05446568564379821, 0.03726708075511672, 0.11660044614137872, 0.24312916533455955, 0.2100920511193327, 0.03726708075511672, 0.30117849025069565]
[0.05446536450196203, 0.037267080749496, 0.11659970662011511, 0.24312916534018028, 0.21009237226678962, 0.037267080749496, 0.3011792297719592]
[0.05446515497093734, 0.03726708074710719, 0.11659922411614086, 0.24312916534256904, 0.21009258180020313, 0.03726708074710719, 0.30117971227593343]
[0.05446501826147797, 0.037267080746091946, 0.11659890930429526, 0.24312916534358425, 0.21009271851067768, 0.037267080746091946, 0.3011800270877791]
[0.05446492906478838, 0.037267080745660465, 0.11659870390413371, 0.24312916534401574, 0.21009280770779876, 0.037267080745660465, 0.30118023248794057]
[0.054464870868075936, 0.037267080745477084, 0.11659856989005175, 0.2431291653441991, 0.21009286590469456, 0.037267080745477084, 0.3011803665020225]
[0.05446483289741937, 0.037267080745399146, 0.11659848245211168, 0.24312916534427703, 0.21009290387542903, 0.037267080745399146, 0.30118045393996257]
[0.05446480812333636, 0.03726708074536602, 0.11659842540293747, 0.24312916534431012, 0.21009292864954518, 0.03726708074536602, 0.3011805109891368]
[0.05446479195940366, 0.03726708074535195, 0.11659838818102013, 0.24312916534432422, 0.21009294481349194, 0.03726708074535194, 0.3011805482110541]
[0.054464781413193754, 0.03726708074534596, 0.11659836389546145, 0.24312916534433018, 0.21009295535970782, 0.03726708074534596, 0.3011805724966128]
[0.05446477453228545, 0.03726708074534342, 0.1165983480502722, 0.2431291653443327, 0.21009296224061863, 0.03726708074534342, 0.30118058834180206]
[0.05446477004281517, 0.03726708074534233, 0.11659833771202875, 0.24312916534433382, 0.21009296673009004, 0.03726708074534234, 0.30118059868004543]
[0.054464767113646194, 0.03726708074534187, 0.11659833096680958, 0.24312916534433426, 0.21009296965925944, 0.03726708074534187, 0.3011806054252646]
[0.05446476520250076, 0.03726708074534168, 0.11659832656587031, 0.24312916534433443, 0.21009297157040507, 0.03726708074534168, 0.30118060982620387]
[0.054464763955567964, 0.037267080745341595, 0.11659832369446382, 0.24312916534433454, 0.21009297281733794, 0.037267080745341595, 0.3011806126976103]
[0.05446476314200279, 0.03726708074534156, 0.11659832182100575, 0.24312916534433454, 0.21009297363090312, 0.03726708074534156, 0.3011806145710684]
[0.054464762611189675, 0.03726708074534154, 0.11659832059866222, 0.24312916534433454, 0.21009297416171624, 0.03726708074534154, 0.3011806157934119]
[0.054464762264859, 0.03726708074534153, 0.11659831980114038, 0.24312916534433454, 0.2100929745080469, 0.03726708074534153, 0.3011806165909337]
[0.05446476203889449, 0.037267080745341526, 0.11659831928079478, 0.24312916534433454, 0.21009297473401142, 0.037267080745341526, 0.30118061711127925]
[0.05446476189146323, 0.03726708074534152, 0.1165983189412937, 0.2431291653443345, 0.21009297488144266, 0.037267080745341526, 0.30118061745078034]
[0.05446476179527125, 0.03726708074534152, 0.11659831871978514, 0.24312916534433449, 0.21009297497763463, 0.037267080745341526, 0.3011806176722889]
[0.0544647617325105, 0.03726708074534152, 0.1165983185752612, 0.24312916534433449, 0.21009297504039537, 0.03726708074534152, 0.30118061781681277]
[0.054464761691562044, 0.03726708074534152, 0.11659831848096612, 0.24312916534433449, 0.2100929750813438, 0.03726708074534152, 0.30118061791110784]
[0.05446476166484511, 0.03726708074534151, 0.116598318419443, 0.24312916534433449, 0.21009297510806074, 0.03726708074534152, 0.30118061797263096]
[0.054464761647413554, 0.03726708074534151, 0.11659831837930205, 0.24312916534433449, 0.2100929751254923, 0.03726708074534152, 0.3011806180127719]
[0.05446476163604029, 0.03726708074534151, 0.11659831835311195, 0.24312916534433446, 0.21009297513686553, 0.03726708074534152, 0.301180618038962]
[0.054464761628619754, 0.03726708074534151, 0.11659831833602416, 0.24312916534433446, 0.2100929751442861, 0.03726708074534152, 0.3011806180560498]
[0.05446476162377821, 0.03726708074534151, 0.11659831832487515, 0.24312916534433446, 0.21009297514912761, 0.03726708074534151, 0.30118061806719876]
[0.05446476162061933, 0.037267080745341505, 0.11659831831760094, 0.24312916534433443, 0.21009297515228648, 0.03726708074534151, 0.30118061807447294]
[0.0544647616185583, 0.037267080745341505, 0.11659831831285485, 0.24312916534433443, 0.2100929751543475, 0.037267080745341505, 0.30118061807921903]
[0.05446476161721358, 0.037267080745341505, 0.11659831830975825, 0.24312916534433443, 0.2100929751556922, 0.037267080745341505, 0.3011806180823156]
[0.054464761616336205, 0.037267080745341505, 0.11659831830773788, 0.2431291653443344, 0.21009297515656958, 0.037267080745341505, 0.30118061808433594]
[0.054464761615763774, 0.037267080745341505, 0.11659831830641967, 0.2431291653443344, 0.21009297515714198, 0.037267080745341505, 0.30118061808565416]
[0.05446476161539028, 0.037267080745341505, 0.1165983183055596, 0.24312916534433437, 0.21009297515751546, 0.037267080745341505, 0.3011806180865142]
[0.05446476161514658, 0.0372670807453415, 0.11659831830499846, 0.24312916534433437, 0.21009297515775915, 0.0372670807453415, 0.3011806180870753]
[0.054464761614987596, 0.03726708074534149, 0.1165983183046323, 0.24312916534433437, 0.2100929751579181, 0.0372670807453415, 0.30118061808744145]
[0.05446476161488385, 0.03726708074534149, 0.11659831830439345, 0.24312916534433435, 0.2100929751580219, 0.03726708074534149, 0.3011806180876803]
[0.05446476161481617, 0.0372670807453415, 0.11659831830423759, 0.24312916534433432, 0.21009297515808956, 0.0372670807453415, 0.3011806180878362]
[0.05446476161477201, 0.03726708074534149, 0.11659831830413589, 0.24312916534433432, 0.2100929751581337, 0.03726708074534149, 0.3011806180879379]
[0.054464761614743194, 0.03726708074534149, 0.11659831830406953, 0.24312916534433435, 0.2100929751581625, 0.03726708074534149, 0.3011806180880042]
[0.05446476161472439, 0.03726708074534149, 0.11659831830402624, 0.24312916534433432, 0.21009297515818132, 0.03726708074534149, 0.30118061808804747]
[0.05446476161471212, 0.03726708074534149, 0.11659831830399799, 0.24312916534433432, 0.21009297515819353, 0.03726708074534149, 0.3011806180880757]
[0.05446476161470412, 0.03726708074534149, 0.11659831830397956, 0.24312916534433432, 0.21009297515820155, 0.03726708074534149, 0.3011806180880941]
[0.054464761614698896, 0.037267080745341484, 0.11659831830396754, 0.24312916534433426, 0.21009297515820674, 0.03726708074534149, 0.30118061808810614]
[0.05446476161469549, 0.037267080745341484, 0.11659831830395967, 0.24312916534433426, 0.21009297515821013, 0.03726708074534149, 0.30118061808811397]
[0.054464761614693255, 0.037267080745341484, 0.11659831830395455, 0.24312916534433426, 0.21009297515821235, 0.03726708074534149, 0.3011806180881191]
[0.054464761614691805, 0.037267080745341484, 0.11659831830395119, 0.24312916534433426, 0.2100929751582138, 0.037267080745341484, 0.3011806180881224]
[0.054464761614690854, 0.03726708074534148, 0.11659831830394901, 0.24312916534433424, 0.21009297515821473, 0.037267080745341484, 0.3011806180881246]
[0.05446476161469023, 0.03726708074534148, 0.1165983183039476, 0.24312916534433424, 0.21009297515821534, 0.03726708074534148, 0.301180618088126]
[0.05446476161468983, 0.03726708074534148, 0.11659831830394665, 0.24312916534433426, 0.21009297515821576, 0.03726708074534148, 0.3011806180881269]
[0.05446476161468957, 0.03726708074534148, 0.11659831830394604, 0.2431291653443342, 0.210092975158216, 0.03726708074534148, 0.3011806180881275]
[0.05446476161468939, 0.03726708074534148, 0.11659831830394565, 0.2431291653443342, 0.21009297515821618, 0.03726708074534148, 0.30118061808812785]
[0.054464761614689286, 0.03726708074534147, 0.11659831830394539, 0.2431291653443342, 0.2100929751582163, 0.03726708074534148, 0.3011806180881281]
[0.0544647616146892, 0.03726708074534148, 0.11659831830394522, 0.2431291653443342, 0.21009297515821634, 0.03726708074534148, 0.30118061808812835]
[0.054464761614689154, 0.03726708074534147, 0.11659831830394511, 0.2431291653443342, 0.2100929751582164, 0.03726708074534148, 0.3011806180881284]
[0.054464761614689126, 0.03726708074534148, 0.11659831830394504, 0.2431291653443342, 0.21009297515821643, 0.03726708074534148, 0.30118061808812846]
[0.054464761614689106, 0.03726708074534148, 0.116598318303945, 0.2431291653443342, 0.21009297515821646, 0.03726708074534148, 0.30118061808812846]
[0.05446476161468909, 0.03726708074534148, 0.11659831830394496, 0.2431291653443342, 0.21009297515821643, 0.03726708074534148, 0.3011806180881285]
[0.054464761614689085, 0.03726708074534148, 0.11659831830394493, 0.2431291653443342, 0.21009297515821646, 0.03726708074534148, 0.30118061808812846]
[0.05446476161468908, 0.03726708074534148, 0.1165983183039449, 0.24312916534433415, 0.21009297515821643, 0.03726708074534148, 0.3011806180881285]
[0.05446476161468907, 0.03726708074534147, 0.1165983183039449, 0.24312916534433415, 0.2100929751582164, 0.03726708074534147, 0.30118061808812846]
[0.054464761614689064, 0.03726708074534147, 0.1165983183039449, 0.24312916534433415, 0.2100929751582164, 0.03726708074534146, 0.30118061808812846]
[0.054464761614689064, 0.03726708074534146, 0.11659831830394489, 0.24312916534433415, 0.2100929751582164, 0.03726708074534146, 0.30118061808812846]
[0.054464761614689064, 0.037267080745341456, 0.11659831830394488, 0.24312916534433415, 0.2100929751582164, 0.03726708074534146, 0.30118061808812846]
[0.054464761614689064, 0.037267080745341456, 0.11659831830394488, 0.24312916534433415, 0.2100929751582164, 0.03726708074534146, 0.30118061808812846]

Final Page Ranks

[0.054464761614689064, 0.037267080745341456, 0.11659831830394488, 0.24312916534433415, 0.2100929751582164, 0.03726708074534146, 0.30118061808812846]
[(0.30118061808812846, [6]), (0.24312916534433415, [3]), (0.2100929751582164, [4]), (0.11659831830394488, [2]), (0.054464761614689064, [0]), (0.03726708074534146, [5]), (0.037267080745341456, [1])]

Ranking

# 1 (0.30118061808812846, [6])
# 2 (0.24312916534433415, [3])
# 3 (0.2100929751582164, [4])
# 4 (0.11659831830394488, [2])
# 5 (0.054464761614689064, [0])
# 6 (0.03726708074534146, [5])
# 7 (0.037267080745341456, [1])

Adjacency Matrix

[0, 0, 1, 1, 0, 0, 0, 0, 0, 0]
[1, 0, 1, 1, 0, 0, 0, 0, 0, 0]
[0, 1, 0, 1, 0, 0, 0, 0, 0, 0]
[0, 0, 0, 0, 0, 1, 0, 0, 0, 0]
[1, 0, 0, 0, 0, 0, 0, 0, 0, 0]
[0, 0, 0, 0, 0, 0, 0, 0, 0, 1]
[0, 0, 0, 0, 0, 0, 0, 0, 0, 0]
[0, 0, 0, 0, 0, 0, 0, 0, 0, 0]
[0, 1, 0, 0, 0, 0, 0, 1, 0, 0]
[0, 0, 0, 0, 0, 0, 0, 0, 1, 0]

Transition Matrix

[0.015, 0.015, 0.44, 0.44, 0.015, 0.015, 0.015, 0.015, 0.015, 0.015]
[0.29833333333333334, 0.015, 0.29833333333333334, 0.29833333333333334, 0.015, 0.015, 0.015, 0.015, 0.015, 0.015]
[0.015, 0.44, 0.015, 0.44, 0.015, 0.015, 0.015, 0.015, 0.015, 0.015]
[0.015, 0.015, 0.015, 0.015, 0.015, 0.865, 0.015, 0.015, 0.015, 0.015]
[0.865, 0.015, 0.015, 0.015, 0.015, 0.015, 0.015, 0.015, 0.015, 0.015]
[0.015, 0.015, 0.015, 0.015, 0.015, 0.015, 0.015, 0.015, 0.015, 0.865]
[0.1, 0.1, 0.1, 0.1, 0.1, 0.1, 0.1, 0.1, 0.1, 0.1]
[0.1, 0.1, 0.1, 0.1, 0.1, 0.1, 0.1, 0.1, 0.1, 0.1]
[0.015, 0.44, 0.015, 0.015, 0.015, 0.015, 0.015, 0.44, 0.015, 0.015]
[0.015, 0.015, 0.015, 0.015, 0.015, 0.015, 0.015, 0.015, 0.865, 0.015]

Init State

[0.1, 0.1, 0.1, 0.1, 0.1, 0.1, 0.1, 0.1, 0.1, 0.1]

[0.14533333333333337, 0.11700000000000002, 0.10283333333333336, 0.14533333333333337, 0.03200000000000001, 0.11700000000000002, 0.03200000000000001, 0.07450000000000001, 0.11700000000000002, 0.11700000000000002]
[0.08440250000000003, 0.1174816666666667, 0.1189691666666667, 0.1626733333333334, 0.024052500000000004, 0.14758583333333342, 0.024052500000000004, 0.07377750000000002, 0.12350250000000002, 0.12350250000000003]
[0.07704664722222224, 0.12636600833333336, 0.09247308472222225, 0.14303498055555558, 0.023315550000000008, 0.1615878833333334, 0.023315550000000008, 0.07580411250000002, 0.12829267500000002, 0.1487635083333334]
[0.07904709117361113, 0.11725061919444447, 0.09197369874305557, 0.13127475975000003, 0.02342517131250001, 0.14500490478472225, 0.02342517131250001, 0.07794955818750003, 0.1498741533958334, 0.1607748721458334]
[0.07674925639488428, 0.12640218916652782, 0.09043287452804401, 0.12952169649384263, 0.023616852007500008, 0.13520039779500004, 0.023616852007500008, 0.0873133672007292, 0.16027549333145838, 0.1468710210745139]
[0.08031734643625738, 0.13098012497298803, 0.09286145619770819, 0.1312954278721269, 0.024429068632699488, 0.1345225106524657, 0.024429068632699488, 0.0925461532985693, 0.1492694365460363, 0.1393494067584495]
[0.0828186376109657, 0.12784852328024926, 0.09618880150858052, 0.1356549203926065, 0.024942893864157854, 0.1365440075554657, 0.024942893864157854, 0.08838240439622329, 0.14338988960883994, 0.1392870279187537]
[0.08205785839940385, 0.1264535940770361, 0.09605431959953012, 0.13693456024067682, 0.0246326503521324, 0.1399393326858479, 0.0246326503521324, 0.08557335343588937, 0.14302662408307304, 0.14069505677427827]
[0.08113378144312129, 0.1259769113870882, 0.0950706184635554, 0.1358937042933557, 0.024367510321981853, 0.14076188652655716, 0.024367510321981853, 0.0851538255572879, 0.14395830858011838, 0.14331594310495258]
[0.08071515554976416, 0.1258966075432993, 0.09448462888940613, 0.13488964173641718, 0.024309313549737935, 0.1398189621990903, 0.024309313549737935, 0.08549159469628824, 0.14612786518894763, 0.1439569170973115]
[0.08066669918879095, 0.12659338718421256, 0.09430772378016349, 0.13446369105816108, 0.02433307720091223, 0.13898927267686687, 0.02433307720091223, 0.08643741990621498, 0.14669645673362702, 0.14317919507013901]
[0.08096673424374144, 0.12684226897246678, 0.0945669657782022, 0.13464774838477167, 0.024415492254105817, 0.13870962965354272, 0.024415492254105817, 0.08676148636589731, 0.146117808063724, 0.14255637402944266]
[0.08114185447422248, 0.12674107206551888, 0.09479954811182265, 0.13499050856755856, 0.024450043182700276, 0.1389006293097562, 0.024450043182700276, 0.08655011160978297, 0.14562296110772655, 0.14235322838821157]
[0.08112752028122, 0.1266145795756695, 0.0948302717274693, 0.1351200796749939, 0.024435013157361084, 0.13917694543978584, 0.024435013157361084, 0.08632477162814486, 0.1454352572873409, 0.14250054807065382]
[0.08105847377029793, 0.12652743153806237, 0.09476790870605953, 0.135070774190234, 0.02441458170676801, 0.13926664943051284, 0.02441458170676801, 0.0862245660538879, 0.14554004756682376, 0.142714985330586]
[0.08100616094619292, 0.12653520897563117, 0.09470361784781674, 0.13497997904789205, 0.024404327559655756, 0.1392144856213547, 0.024404327559655756, 0.08625884777555586, 0.14571206509065385, 0.1427809795755917]
[0.08100169087229589, 0.12658303515234298, 0.09468563084872049, 0.13493466843404256, 0.024406369903492993, 0.1391393520942012, 0.024406369903492993, 0.08633399756702088, 0.14577020254274592, 0.14273868268164444]
[0.08102353894612657, 0.1266066604263669, 0.09470384314888329, 0.13494523625958948, 0.024412931234993683, 0.13910739940392985, 0.024412931234993683, 0.08636526731566069, 0.14574081151439147, 0.14268138051506468]
[0.08103902554735422, 0.1266051251086974, 0.09472303804971338, 0.13497217138798875, 0.024416146876805624, 0.13911959769745666, 0.024416146876805624, 0.086355991770422, 0.1456953203146106, 0.14265743637014597]
[0.08104080874443007, 0.12659343408985205, 0.09472866975677083, 0.13498596092789902, 0.024415631785014352, 0.1391419774648048, 0.024415631785014352, 0.08633614291872387, 0.14567445269963844, 0.1426672898278525]
[0.08103532752587135, 0.1265852278937917, 0.09472438422499192, 0.13498406887161954, 0.024413900849817753, 0.13915196763853194, 0.024413900849817753, 0.08632554324716409, 0.1456810972034924, 0.14268458169490186]
[0.0810304830404962, 0.1265851823553493, 0.09471868151664643, 0.134976544812268, 0.02441285274824346, 0.1391493112891201, 0.02441285274824346, 0.08632731905972774, 0.14569474718891004, 0.1426920252409956]
[0.08102964110703345, 0.12658862180353905, 0.09471667156323739, 0.13497211120781213, 0.024412914603677557, 0.13914297769410539, 0.024412914603677557, 0.08633318215896432, 0.14570113605852383, 0.14268982919942963]
[0.08103117181561989, 0.12659098646407307, 0.0947177918729832, 0.13497237728735909, 0.024413418224824568, 0.1391397127514649, 0.024413418224824568, 0.0863364010496972, 0.14569977304433976, 0.14268494926481412]
[0.08103258629425594, 0.1265911997281966, 0.0947194288247935, 0.13497449037081136, 0.024413734638334354, 0.13914025533258959, 0.024413734638334354, 0.08633613818217876, 0.14569594151342635, 0.1426824904770795]
[0.08103292022198354, 0.12659027158348704, 0.09472009495445811, 0.13497585220499533, 0.02441373918974362, 0.13914205600493323, 0.02441373918974362, 0.08633451433294982, 0.1456938560952612, 0.14268295622244476]
[0.08103252347603235, 0.12658953074555965, 0.09471983625909328, 0.134975876614738, 0.024413601549428943, 0.139143075923675, 0.024413601549428943, 0.08633349038991497, 0.14569411433850699, 0.14268434915362221]
[0.08103209784310074, 0.12658943181882437, 0.09471935900339988, 0.13497528941351453, 0.024413502814844237, 0.13914299793737153, 0.024413502814844237, 0.08633350140870971, 0.14569519959542312, 0.142685117349968]
[0.08103197843361992, 0.12658968276350188, 0.09471914262432014, 0.1349748702007651, 0.02441349535900209, 0.13914249136048942, 0.02441349535900209, 0.08633395518705692, 0.14569584510647487, 0.1426850436057679]
[0.081032081134559, 0.1265899030820029, 0.09471920091369569, 0.13497483652903175, 0.02441353329641502, 0.13914217296706538, 0.02441353329641502, 0.08633426746666684, 0.14569582036131773, 0.14268465095283106]
[0.08103220557338223, 0.12658994710674268, 0.09471933675361703, 0.13497499714193767, 0.024413563064861966, 0.1391421741145389, 0.024413563064861966, 0.086334286718422, 0.14569551637476835, 0.14268441008686752]
[0.08103224751695559, 0.12658987981114292, 0.09471940628051036, 0.13497512440079756, 0.024413567231579142, 0.13914231480222614, 0.024413567231579142, 0.0863341616908557, 0.14569531580541653, 0.14268441522893718]
[0.08103222171840639, 0.12658981384492587, 0.09471939476627024, 0.13497514243548714, 0.024413556958406968, 0.1391424126990849, 0.024413556958406968, 0.08633406617570898, 0.14569530990300358, 0.14268452454029917]
[0.08103218530377478, 0.12658979745084123, 0.09471935611945156, 0.1349750988951164, 0.02441354796639986, 0.1391424190365639, 0.02441354796639986, 0.0863340546751764, 0.14569539382565416, 0.14268459876062198]
[0.0810321712737122, 0.12658981495120392, 0.0947193342563766, 0.13497506060714354, 0.024413546224533983, 0.13914238028538295, 0.024413546224533983, 0.08633408860043701, 0.14569545517106267, 0.14268460240561331]
[0.08103217748715087, 0.12658983446678423, 0.09471933598762468, 0.13497505304658475, 0.024413548960122537, 0.13914235047619455, 0.024413548960122537, 0.08633411740782417, 0.14569546100489386, 0.14268457220269806]
[0.0810321880229685, 0.12658984036309587, 0.09471934683890346, 0.13497506463364398, 0.024413551641275476, 0.13914234673087253, 0.024413551641275476, 0.08633412256835538, 0.14569543801356882, 0.14268454954604085]
[0.08103219263911327, 0.12658983587011935, 0.09471935365379072, 0.1349750760603247, 0.02441355230781863, 0.139142357246416, 0.02441355230781863, 0.08633411346358538, 0.14569541942195335, 0.14268454702906028]
[0.08103219121541566, 0.12658983014776057, 0.09471935362539298, 0.13497507892825403, 0.024413551590569346, 0.1391423662418453, 0.024413551590569346, 0.08633410484489952, 0.14569541656527057, 0.14268455525002294]
[0.08103218819086432, 0.12658982812804687, 0.09471935060543203, 0.134975075896224, 0.02441355079701486, 0.1391423678860308, 0.02441355079701486, 0.08633410283725486, 0.14569542275953434, 0.14268456210258337]
[0.08103218670598883, 0.12658982923902365, 0.09471934850964353, 0.13497507251695215, 0.024413550558912932, 0.13914236507070332, 0.024413550558912932, 0.08633410523171503, 0.1456954283461088, 0.1426845632620391]
[0.08103218700166942, 0.1265898309058981, 0.09471934837663867, 0.13497507149323718, 0.02441355074220338, 0.1391423623816127, 0.02441355074220338, 0.08633410778929962, 0.1456954295149366, 0.1426845610523012]
[0.08103218786272177, 0.12658983157909723, 0.0947193492075584, 0.13497507226762984, 0.02441355097517776, 0.13914236174442934, 0.02441355097517776, 0.08633410851902582, 0.14569542786963377, 0.14268455899954854]
[0.0810321883333193, 0.126589831314814, 0.09471934984607495, 0.13497507325928726, 0.02441355105700731, 0.13914236248449266, 0.02441355105700731, 0.08633410790160166, 0.14569542620662357, 0.14268455853977224]
[0.08103218828246861, 0.12658983083387865, 0.0947193499256731, 0.13497507361025496, 0.024413551011481766, 0.13914236328187593, 0.024413551011481766, 0.08633410714929679, 0.14569542577028816, 0.14268455912330053]
[0.08103218803969131, 0.12658983061444973, 0.09471934969998096, 0.13497507341839202, 0.02441355094366618, 0.1391423635123829, 0.02441355094366618, 0.08633410689603865, 0.14569542619847162, 0.14268455973326072]
[0.08103218789258526, 0.12658983067321727, 0.0947193495073378, 0.1349750731298297, 0.024413550916374916, 0.13914236332200813, 0.024413550916374916, 0.08633410705072536, 0.14569542668964652, 0.14268455990190038]
[0.08103218789686711, 0.12658983081092187, 0.09471934947229717, 0.13497507301291573, 0.024413550927203525, 0.13914236308755876, 0.024413550927203525, 0.0863341072703033, 0.14569542684381884, 0.14268455975091043]
[0.08103218796467228, 0.12658983088113737, 0.09471934953271781, 0.1349750730584441, 0.024413550946788085, 0.13914236300776647, 0.024413550946788085, 0.08633410735541108, 0.14569542673506194, 0.14268455957121304]
[0.08103218801011239, 0.12658983086949332, 0.09471934959032824, 0.13497507314173332, 0.024413550955686935, 0.13914236305536443, 0.024413550955686935, 0.08633410731808826, 0.145695426591218, 0.14268455951228842]
[0.08103218801196123, 0.12658983083042805, 0.09471934960392511, 0.13497507317981458, 0.024413550953270895, 0.13914236312374417, 0.024413550953270895, 0.08633410725453855, 0.14569542653871603, 0.14268455955033066]
[0.08103218799323202, 0.12658983080828629, 0.09471934958803527, 0.13497507316970345, 0.024413550947663808, 0.1391423631505062, 0.024413550947663808, 0.08633410722661812, 0.14569542656544487, 0.14268455960284634]
[0.08103218797934264, 0.12658983081004302, 0.09471934957095202, 0.13497507314586701, 0.024413550944813966, 0.13914236313906186, 0.024413550944813966, 0.08633410723512805, 0.14569542660723336, 0.14268455962274423]
[0.08103218797789911, 0.12658983082102385, 0.09471934956602789, 0.13497507313368254, 0.024413550945295074, 0.13914236311928208, 0.024413550945295074, 0.08633410725336925, 0.14569542662462767, 0.14268455961349769]
[0.0810321879830107, 0.12658983082791508, 0.094719349570117, 0.13497507313567889, 0.024413550946886475, 0.13914236311051664, 0.024413550946886475, 0.08633410726235323, 0.1456954266183595, 0.14268455959827625]
[0.08103218798721484, 0.12658983082788788, 0.09471934957514089, 0.13497507314244062, 0.024413550947785377, 0.1391423631131124, 0.024413550947785377, 0.08633410726058817, 0.14569542660632018, 0.14268455959172455]
[0.08103218798789755, 0.12658983082483272, 0.09471934957684627, 0.13497507314628115, 0.024413550947711755, 0.13914236311878628, 0.024413550947711755, 0.08633410725539782, 0.14569542660067764, 0.14268455959385726]
[0.0810321879865219, 0.126589830822712, 0.09471934957582337, 0.13497507314598303, 0.024413550947264318, 0.1391423631216033, 0.024413550947264318, 0.08633410725255232, 0.145695426602043, 0.14268455959823265]
[0.08103218798526084, 0.12658983082257763, 0.09471934957435797, 0.1349750731440829, 0.024413550946984417, 0.13914236312107, 0.024413550946984417, 0.0863341072528527, 0.14569542660548215, 0.14268455960034723]
[0.08103218798498656, 0.12658983082341824, 0.09471934957378565, 0.1349750731428878, 0.02441355094698616, 0.13914236311945666, 0.02441355094698616, 0.08633410725431608, 0.1456954266072813, 0.14268455959989568]
[0.08103218798535076, 0.12658983082406416, 0.09471934957403182, 0.13497507314289076, 0.024413550947110698, 0.13914236311856532, 0.024413550947110698, 0.08633410725520525, 0.14569542660702203, 0.1426845595986489]
[0.08103218798572581, 0.12658983082414477, 0.09471934957445578, 0.1349750731434193, 0.024413550947196862, 0.139142363118654, 0.024413550947196862, 0.08633410725518123, 0.14569542660604842, 0.14268455959797738]
[0.08103218798582716, 0.12658983082391642, 0.0947193495746433, 0.134975073143787, 0.024413550947202146, 0.13914236311910855, 0.024413550947202146, 0.08633410725477272, 0.14569542660548293, 0.14268455959805804]
[0.08103218798573267, 0.12658983082372152, 0.09471934957458739, 0.1349750731438108, 0.024413550947167875, 0.13914236311938682, 0.024413550947167875, 0.08633410725449812, 0.1456954266055172, 0.14268455959841014]
[0.08103218798562206, 0.12658983082368608, 0.09471934957446576, 0.13497507314366539, 0.024413550947141614, 0.1391423631193808, 0.024413550947141614, 0.08633410725448644, 0.14569542660579024, 0.14268455959862042]
[0.08103218798558647, 0.1265898308237472, 0.09471934957440548, 0.13497507314355342, 0.02441355094713839, 0.13914236311925396, 0.02441355094713839, 0.08633410725459925, 0.14569542660596574, 0.14268455959861207]
[0.08103218798561038, 0.12658983082380548, 0.094719349574417, 0.13497507314353935, 0.024413550947147707, 0.1391423631191681, 0.024413550947147707, 0.08633410725468316, 0.14569542660596796, 0.1426845595985136]
[0.08103218798564274, 0.12658983082381925, 0.09471934957445159, 0.13497507314357884, 0.02441355094715563, 0.13914236311916411, 0.02441355094715563, 0.086334107254692, 0.1456954266058922, 0.14268455959844853]
[0.0810321879856548, 0.12658983082380318, 0.09471934957447066, 0.1349750731436126, 0.024413550947157053, 0.1391423631191991, 0.024413550947157053, 0.08633410725466124, 0.14569542660583829, 0.1426845595984466]
[0.08103218798564896, 0.12658983082378586, 0.09471934957446876, 0.13497507314361878, 0.024413550947154562, 0.13914236311922526, 0.024413550947154562, 0.08633410725463583, 0.14569542660583415, 0.14268455959847376]
[0.08103218798563955, 0.12658983082378095, 0.09471934957445899, 0.13497507314360818, 0.02441355094715219, 0.13914236311922815, 0.02441355094715219, 0.0863341072546317, 0.14569542660585488, 0.14268455959849366]
[0.08103218798563558, 0.12658983082378503, 0.09471934957445302, 0.1349750731435981, 0.024413550947151634, 0.1391423631192186, 0.024413550947151634, 0.08633410725463997, 0.14569542660587123, 0.14268455959849558]
[0.08103218798563695, 0.1265898308237901, 0.09471934957445317, 0.1349750731435957, 0.024413550947152293, 0.1391423631192107, 0.024413550947152293, 0.08633410725464756, 0.14569542660587353, 0.14268455959848808]
[0.08103218798563964, 0.12658983082379183, 0.0947193495744559, 0.13497507314359852, 0.024413550947152994, 0.13914236311920936, 0.024413550947152994, 0.08633410725464924, 0.14569542660586787, 0.1426845595984821]
[0.08103218798564091, 0.1265898308237908, 0.09471934957445771, 0.1349750731436015, 0.024413550947153195, 0.13914236311921196, 0.024413550947153195, 0.08633410725464703, 0.145695426605863, 0.14268455959848114]
[0.08103218798564063, 0.12658983082378933, 0.09471934957445782, 0.13497507314360235, 0.024413550947153025, 0.1391423631192143, 0.024413550947153025, 0.0863341072546448, 0.145695426605862, 0.1426845595984832]
[0.08103218798563988, 0.12658983082378875, 0.09471934957445707, 0.1349750731436016, 0.02441355094715282, 0.1391423631192148, 0.02441355094715282, 0.08633410725464417, 0.14569542660586354, 0.14268455959848494]
[0.08103218798563946, 0.12658983082378902, 0.0947193495744565, 0.13497507314360074, 0.024413550947152748, 0.1391423631192141, 0.024413550947152748, 0.08633410725464476, 0.14569542660586496, 0.1426845595984853]
[0.0810321879856395, 0.1265898308237894, 0.09471934957445645, 0.13497507314360047, 0.02441355094715279, 0.1391423631192134, 0.02441355094715279, 0.08633410725464541, 0.14569542660586532, 0.14268455959848475]
[0.08103218798563974, 0.1265898308237896, 0.09471934957445663, 0.1349750731436006, 0.024413550947152852, 0.13914236311921324, 0.024413550947152852, 0.0863341072546456, 0.14569542660586488, 0.14268455959848422]
[0.08103218798563985, 0.12658983082378952, 0.09471934957445681, 0.13497507314360088, 0.024413550947152873, 0.13914236311921338, 0.024413550947152873, 0.08633410725464545, 0.14569542660586446, 0.14268455959848414]
[0.08103218798563985, 0.1265898308237894, 0.09471934957445682, 0.13497507314360097, 0.02441355094715286, 0.13914236311921363, 0.02441355094715286, 0.08633410725464527, 0.14569542660586438, 0.14268455959848425]
[0.0810321879856398, 0.12658983082378936, 0.0947193495744568, 0.13497507314360094, 0.024413550947152845, 0.13914236311921369, 0.024413550947152845, 0.08633410725464521, 0.14569542660586446, 0.14268455959848445]
[0.08103218798563976, 0.12658983082378938, 0.09471934957445674, 0.13497507314360088, 0.02441355094715284, 0.13914236311921366, 0.02441355094715284, 0.08633410725464524, 0.14569542660586463, 0.1426845595984845]
[0.08103218798563977, 0.1265898308237894, 0.09471934957445674, 0.13497507314360085, 0.024413550947152845, 0.1391423631192136, 0.024413550947152845, 0.08633410725464531, 0.14569542660586465, 0.14268455959848447]
[0.08103218798563978, 0.12658983082378944, 0.09471934957445675, 0.13497507314360088, 0.024413550947152852, 0.13914236311921357, 0.024413550947152852, 0.08633410725464533, 0.14569542660586465, 0.14268455959848442]
[0.0810321879856398, 0.12658983082378944, 0.09471934957445677, 0.13497507314360088, 0.024413550947152852, 0.1391423631192136, 0.024413550947152852, 0.08633410725464534, 0.1456954266058646, 0.1426845595984844]
[0.0810321879856398, 0.12658983082378944, 0.09471934957445677, 0.13497507314360088, 0.024413550947152855, 0.1391423631192136, 0.024413550947152855, 0.08633410725464531, 0.14569542660586457, 0.14268455959848442]
[0.0810321879856398, 0.1265898308237894, 0.09471934957445677, 0.13497507314360088, 0.02441355094715285, 0.1391423631192136, 0.02441355094715285, 0.0863341072546453, 0.1456954266058646, 0.14268455959848442]
[0.08103218798563978, 0.1265898308237894, 0.09471934957445677, 0.13497507314360088, 0.02441355094715285, 0.1391423631192136, 0.02441355094715285, 0.0863341072546453, 0.1456954266058646, 0.14268455959848442]
[0.08103218798563978, 0.1265898308237894, 0.09471934957445677, 0.13497507314360088, 0.02441355094715285, 0.1391423631192136, 0.02441355094715285, 0.0863341072546453, 0.1456954266058646, 0.14268455959848442]

Final Page Ranks

[0.08103218798563978, 0.1265898308237894, 0.09471934957445677, 0.13497507314360088, 0.02441355094715285, 0.1391423631192136, 0.02441355094715285, 0.0863341072546453, 0.1456954266058646, 0.14268455959848442]
[(0.1456954266058646, [8]), (0.14268455959848442, [9]), (0.1391423631192136, [5]), (0.13497507314360088, [3]), (0.1265898308237894, [1]), (0.09471934957445677, [2]), (0.0863341072546453, [7]), (0.08103218798563978, [0]), (0.02441355094715285, [4, 6])]

Ranking

# 1 (0.1456954266058646, [8])
# 2 (0.14268455959848442, [9])
# 3 (0.1391423631192136, [5])
# 4 (0.13497507314360088, [3])
# 5 (0.1265898308237894, [1])
# 6 (0.09471934957445677, [2])
# 7 (0.0863341072546453, [7])
# 8 (0.08103218798563978, [0])
# 9 (0.02441355094715285, [4, 6])

Adjacency Matrix

[0, 0, 0, 0, 0, 0, 0, 0, 0, 0, 0, 0, 0, 0, 0, 0, 0, 0, 0, 0]
[0, 1, 0, 0, 0, 0, 0, 0, 0, 0, 0, 0, 0, 0, 0, 0, 0, 1, 1, 0]
[0, 1, 0, 0, 0, 0, 0, 1, 0, 0, 0, 0, 0, 0, 0, 1, 0, 1, 1, 0]
[0, 1, 0, 1, 0, 0, 0, 1, 0, 0, 0, 0, 0, 0, 0, 0, 0, 0, 1, 0]
[0, 1, 0, 0, 0, 0, 0, 1, 0, 0, 0, 0, 0, 0, 0, 0, 0, 0, 0, 0]
[0, 0, 0, 0, 0, 0, 0, 1, 0, 0, 0, 0, 1, 1, 0, 0, 0, 1, 0, 1]
[0, 0, 0, 0, 0, 0, 0, 1, 0, 0, 0, 0, 0, 0, 0, 0, 0, 0, 0, 0]
[0, 1, 0, 1, 1, 0, 0, 1, 0, 0, 0, 0, 1, 0, 0, 0, 0, 0, 0, 0]
[0, 1, 0, 0, 0, 0, 0, 1, 0, 0, 0, 0, 0, 1, 0, 0, 0, 0, 0, 0]
[0, 0, 0, 0, 0, 0, 0, 1, 0, 0, 0, 0, 0, 0, 0, 0, 0, 0, 0, 0]
[0, 0, 0, 0, 0, 0, 0, 1, 0, 0, 0, 0, 0, 0, 0, 0, 0, 0, 0, 0]
[0, 0, 0, 1, 0, 0, 0, 1, 0, 0, 1, 0, 0, 0, 0, 0, 0, 0, 0, 0]
[0, 0, 0, 0, 0, 0, 0, 0, 0, 0, 0, 0, 0, 0, 0, 0, 0, 0, 0, 0]
[0, 0, 0, 1, 0, 0, 0, 1, 0, 0, 0, 0, 0, 0, 0, 0, 0, 0, 0, 0]
[0, 0, 0, 0, 0, 0, 0, 1, 0, 0, 0, 0, 0, 0, 0, 0, 0, 0, 0, 0]
[0, 1, 0, 0, 0, 0, 0, 1, 0, 0, 0, 0, 0, 0, 0, 0, 0, 0, 0, 0]
[0, 0, 0, 0, 0, 0, 0, 1, 0, 0, 0, 0, 0, 0, 0, 0, 0, 0, 0, 0]
[0, 0, 0, 1, 1, 0, 0, 0, 0, 0, 0, 0, 0, 0, 0, 0, 0, 0, 0, 0]
[0, 1, 0, 0, 0, 0, 0, 0, 0, 0, 0, 0, 0, 0, 0, 0, 0, 0, 0, 0]
[0, 0, 1, 0, 0, 0, 0, 1, 0, 0, 0, 0, 0, 0, 0, 0, 1, 0, 0, 0]

Transition Matrix

[0.05, 0.05, 0.05, 0.05, 0.05, 0.05, 0.05, 0.05, 0.05, 0.05, 0.05, 0.05, 0.05, 0.05, 0.05, 0.05, 0.05, 0.05, 0.05, 0.05]
[0.0075, 0.29083333333333333, 0.0075, 0.0075, 0.0075, 0.0075, 0.0075, 0.0075, 0.0075, 0.0075, 0.0075, 0.0075, 0.0075, 0.0075, 0.0075, 0.0075, 0.0075, 0.29083333333333333, 0.29083333333333333, 0.0075]
[0.0075, 0.17750000000000002, 0.0075, 0.0075, 0.0075, 0.0075, 0.0075, 0.17750000000000002, 0.0075, 0.0075, 0.0075, 0.0075, 0.0075, 0.0075, 0.0075, 0.17750000000000002, 0.0075, 0.17750000000000002, 0.17750000000000002, 0.0075]
[0.0075, 0.22, 0.0075, 0.22, 0.0075, 0.0075, 0.0075, 0.22, 0.0075, 0.0075, 0.0075, 0.0075, 0.0075, 0.0075, 0.0075, 0.0075, 0.0075, 0.0075, 0.22, 0.0075]
[0.0075, 0.4325, 0.0075, 0.0075, 0.0075, 0.0075, 0.0075, 0.4325, 0.0075, 0.0075, 0.0075, 0.0075, 0.0075, 0.0075, 0.0075, 0.0075, 0.0075, 0.0075, 0.0075, 0.0075]
[0.0075, 0.0075, 0.0075, 0.0075, 0.0075, 0.0075, 0.0075, 0.17750000000000002, 0.0075, 0.0075, 0.0075, 0.0075, 0.17750000000000002, 0.17750000000000002, 0.0075, 0.0075, 0.0075, 0.17750000000000002, 0.0075, 0.17750000000000002]
[0.0075, 0.0075, 0.0075, 0.0075, 0.0075, 0.0075, 0.0075, 0.8574999999999999, 0.0075, 0.0075, 0.0075, 0.0075, 0.0075, 0.0075, 0.0075, 0.0075, 0.0075, 0.0075, 0.0075, 0.0075]
[0.0075, 0.17750000000000002, 0.0075, 0.17750000000000002, 0.17750000000000002, 0.0075, 0.0075, 0.17750000000000002, 0.0075, 0.0075, 0.0075, 0.0075, 0.17750000000000002, 0.0075, 0.0075, 0.0075, 0.0075, 0.0075, 0.0075, 0.0075]
[0.0075, 0.29083333333333333, 0.0075, 0.0075, 0.0075, 0.0075, 0.0075, 0.29083333333333333, 0.0075, 0.0075, 0.0075, 0.0075, 0.0075, 0.29083333333333333, 0.0075, 0.0075, 0.0075, 0.0075, 0.0075, 0.0075]
[0.0075, 0.0075, 0.0075, 0.0075, 0.0075, 0.0075, 0.0075, 0.8574999999999999, 0.0075, 0.0075, 0.0075, 0.0075, 0.0075, 0.0075, 0.0075, 0.0075, 0.0075, 0.0075, 0.0075, 0.0075]
[0.0075, 0.0075, 0.0075, 0.0075, 0.0075, 0.0075, 0.0075, 0.8574999999999999, 0.0075, 0.0075, 0.0075, 0.0075, 0.0075, 0.0075, 0.0075, 0.0075, 0.0075, 0.0075, 0.0075, 0.0075]
[0.0075, 0.0075, 0.0075, 0.29083333333333333, 0.0075, 0.0075, 0.0075, 0.29083333333333333, 0.0075, 0.0075, 0.29083333333333333, 0.0075, 0.0075, 0.0075, 0.0075, 0.0075, 0.0075, 0.0075, 0.0075, 0.0075]
